[gd_scene load_steps=13 format=2]

[ext_resource path="res://assets/guard/guard.tres" type="ArrayMesh" id=1]
[ext_resource path="res://assets/sounds/footstepsnew.wav" type="AudioStream" id=2]
[ext_resource path="res://scripts/guard.gd" type="Script" id=3]
[ext_resource path="res://assets/guard/idle.tres" type="Animation" id=4]
[ext_resource path="res://images/left.png" type="Texture" id=5]
[ext_resource path="res://assets/guard/Camera.gd" type="Script" id=6]
[ext_resource path="res://images/up.png" type="Texture" id=7]
[ext_resource path="res://images/right.png" type="Texture" id=8]
[ext_resource path="res://images/down.png" type="Texture" id=9]

[sub_resource type="Skin" id=1]
resource_name = "Skin"
bind_count = 218
bind/0/name = "root"
bind/0/bone = -1
bind/0/pose = Transform( 1, 0, 0, 0, 0, -1, 0, 1, 0, 0, 0, 0 )
bind/1/name = "defspine"
bind/1/bone = -1
bind/1/pose = Transform( 1, 0, 0, 0, 0.964932, 0.262499, 0, -0.262499, 0.964932, 0, -0.908996, 0.304488 )
bind/2/name = "defspine_1"
bind/2/bone = -1
bind/2/pose = Transform( 1, 0, 0, 0, 0.991562, 0.129633, 0, -0.129633, 0.991562, 0, -1.08525, 0.159227 )
bind/3/name = "defspine_2"
bind/3/bone = -1
bind/3/pose = Transform( 1, 0, 0, 0, 0.999436, -0.0335674, 0, 0.0335675, 0.999436, 0, -1.22456, -0.0407283 )
bind/4/name = "defspine_3"
bind/4/bone = -1
bind/4/pose = Transform( 1, 0, 0, 0, 0.999546, -0.0301355, 0, 0.0301356, 0.999546, 0, -1.38854, -0.0359608 )
bind/5/name = "defspine_4"
bind/5/bone = -1
bind/5/pose = Transform( 1, 0, 0, 0, 0.994851, 0.101349, 0, -0.101349, 0.994851, 0, -1.56217, 0.170603 )
bind/6/name = "defspine_5"
bind/6/bone = -1
bind/6/pose = Transform( 1, 1.34435e-08, -2.38039e-07, 8.88178e-16, 0.998409, 0.0563862, 2.38419e-07, -0.0563861, 0.998409, -2.32092e-08, -1.6268, 0.0973465 )
bind/7/name = "defspine_6"
bind/7/bone = -1
bind/7/pose = Transform( 1, 2.49627e-15, -2.83154e-14, 1.16749e-15, 0.997387, 0.0722457, 2.84116e-14, -0.0722456, 0.997387, -4.22372e-15, -1.73898, 0.124998 )
bind/8/name = "vis_upper_arm_ik_pole_l"
bind/8/bone = -1
bind/8/pose = Transform( -0.196675, 0, -0.980469, 0, 1, 0, 0.980469, 0, -0.196675, 0.0654524, -1.45239, -0.521476 )
bind/9/name = "vis_upper_arm_ik_pole_r"
bind/9/bone = -1
bind/9/pose = Transform( -0.196675, 0, 0.980469, 0, 1, 0, -0.980469, 0, -0.196675, -0.0654524, -1.45239, -0.521476 )
bind/10/name = "vis_thigh_ik_pole_l"
bind/10/bone = -1
bind/10/pose = Transform( 0.994743, 0, -0.102399, 0, 1, 0, 0.102399, 0, 0.994743, -0.125353, -0.468187, -0.028017 )
bind/11/name = "vis_thigh_ik_pole_r"
bind/11/bone = -1
bind/11/pose = Transform( 0.994743, 0, 0.102399, 0, 1, 0, -0.102399, 0, 0.994743, 0.125353, -0.468187, -0.028017 )
bind/12/name = "mchtorsoparent"
bind/12/bone = -1
bind/12/pose = Transform( 1, 0, 0, 0, 0, -1, 0, 1, 0, 0, -0.0362, -1.02689 )
bind/13/name = "torso"
bind/13/bone = -1
bind/13/pose = Transform( 1, 0, 0, 0, 0, -1, 0, 1, 0, 0, -0.0362, -1.02689 )
bind/14/name = "hips"
bind/14/bone = -1
bind/14/pose = Transform( 1, 0, 0, 0, 0, -1, 0, 1, 0, 0, -0.000400022, -1.22524 )
bind/15/name = "chest"
bind/15/bone = -1
bind/15/pose = Transform( 1, 0, 0, 0, 0, -1, 0, 1, 0, 0, -0.000400022, -1.22524 )
bind/16/name = "mchspine_1"
bind/16/bone = -1
bind/16/pose = Transform( 1, 0, 0, 0, 0, -1, 0, 1, 0, 0, -0.000400022, -1.22524 )
bind/17/name = "spine_fk_1"
bind/17/bone = -1
bind/17/pose = Transform( 1, 0, 0, 0, 0.991562, 0.129633, 0, -0.129633, 0.991562, 0, -1.21485, 0.159227 )
bind/18/name = "mchspine"
bind/18/bone = -1
bind/18/pose = Transform( 1, 0, 0, 0, 8.94069e-08, -1, 0, 1, 2.68221e-07, 0, -0.0172001, -1.09673 )
bind/19/name = "spine_fk"
bind/19/bone = -1
bind/19/pose = Transform( 1, 0, 0, 0, 0.964932, 0.262499, 0, -0.262499, 0.964932, 0, -1.05376, 0.304488 )
bind/20/name = "tweak_spine"
bind/20/bone = -1
bind/20/pose = Transform( 1, 0, 0, 0, 0.964932, 0.262499, 0, -0.262499, 0.964932, 0, -0.908996, 0.304488 )
bind/21/name = "orgspine"
bind/21/bone = -1
bind/21/pose = Transform( 1, 0, 0, 0, 0.964932, 0.262499, 0, -0.262499, 0.964932, 0, -0.908996, 0.304488 )
bind/22/name = "orgpelvis_l"
bind/22/bone = -1
bind/22/pose = Transform( -0.192645, -0.233041, 0.953194, 0.917247, 0.302359, 0.259302, -0.348635, 0.924267, 0.155509, 0.275648, -0.275059, -0.875984 )
bind/23/name = "defpelvis_l"
bind/23/bone = -1
bind/23/pose = Transform( -0.192645, -0.233042, 0.953194, 0.917247, 0.302359, 0.259302, -0.348635, 0.924267, 0.155509, 0.275648, -0.275059, -0.875984 )
bind/24/name = "orgpelvis_r"
bind/24/bone = -1
bind/24/pose = Transform( -0.192645, 0.233041, -0.953194, -0.917247, 0.302359, 0.259302, 0.348635, 0.924267, 0.155509, -0.275648, -0.275059, -0.875984 )
bind/25/name = "defpelvis_r"
bind/25/bone = -1
bind/25/pose = Transform( -0.192645, 0.233042, -0.953194, -0.917247, 0.302359, 0.259302, 0.348635, 0.924267, 0.155509, -0.275648, -0.275059, -0.875984 )
bind/26/name = "orgthigh_l"
bind/26/bone = -1
bind/26/pose = Transform( 0.992573, 0.00800199, 0.121383, 0.00113421, -0.998399, 0.0565429, 0.121642, -0.0559853, -0.990995, -0.132187, 0.95163, 0.025593 )
bind/27/name = "orgshin_l"
bind/27/bone = -1
bind/27/pose = Transform( 0.992573, 0.00800203, 0.121384, 0.0195646, -0.995345, -0.0943663, 0.120064, 0.09604, -0.988111, -0.132187, 0.464931, -0.0454254 )
bind/28/name = "orgfoot_l"
bind/28/bone = -1
bind/28/pose = Transform( 1, 2.498e-07, 2.96239e-07, -2.88706e-07, -0.751947, 0.659224, 6.68376e-07, -0.659223, -0.751949, -0.134039, 0.115006, 0.0792805 )
bind/29/name = "orgtoe_l"
bind/29/bone = -1
bind/29/pose = Transform( -1, -0.000709928, -0.000177436, -3.9117e-07, -0.242477, 0.970158, -0.000731837, 0.970157, 0.242477, 0.134088, -0.0416135, -0.0675212 )
bind/30/name = "orgheel_2_l"
bind/30/bone = -1
bind/30/pose = Transform( -3.84465e-09, 1, 7.15257e-07, 1, 1.08359e-07, -3.7816e-07, 1.85063e-08, 6.55652e-07, -1, 1.08478e-08, -0.0960387, -0.0459 )
bind/31/name = "mchtoe_l"
bind/31/bone = -1
bind/31/pose = Transform( 1, -2.84217e-14, 2.84217e-14, 3.96666e-07, 2.38419e-07, -1, 2.62833e-08, 1, 7.47018e-22, -0.134039, 0.0567677, -0.055511 )
bind/32/name = "toe_l"
bind/32/bone = -1
bind/32/pose = Transform( -1, -0.000710017, -0.000177459, -3.90485e-07, -0.242478, 0.970158, -0.000731925, 0.970153, 0.242476, 0.134088, -0.0416134, -0.0675209 )
bind/33/name = "mchfoot_tweak_l"
bind/33/bone = -1
bind/33/pose = Transform( 1, 3.1963e-07, 3.64589e-07, -2.81255e-07, -0.751948, 0.659223, 7.65805e-07, -0.659222, -0.751949, -0.134039, 0.115006, 0.0792805 )
bind/34/name = "foot_tweak_l"
bind/34/bone = -1
bind/34/pose = Transform( 1, 3.1963e-07, 3.64589e-07, -2.81255e-07, -0.751947, 0.659224, 7.65805e-07, -0.659223, -0.751949, -0.134039, 0.115006, 0.0792805 )
bind/35/name = "mchshin_tweak_l"
bind/35/bone = -1
bind/35/pose = Transform( 0.992573, 0.00800195, 0.121384, 0.0195645, -0.995345, -0.0943662, 0.120064, 0.0960399, -0.988111, -0.132187, 0.464931, -0.0454254 )
bind/36/name = "shin_tweak_l"
bind/36/bone = -1
bind/36/pose = Transform( 0.992573, 0.00800195, 0.121384, 0.0195645, -0.995345, -0.0943663, 0.120064, 0.09604, -0.988111, -0.132187, 0.464931, -0.0454254 )
bind/37/name = "mchshin_tweak_l_1"
bind/37/bone = -1
bind/37/pose = Transform( 0.992573, 0.00800195, 0.121384, 0.0195645, -0.995345, -0.0943662, 0.120064, 0.09604, -0.988111, -0.132187, 0.299438, -0.0454254 )
bind/38/name = "shin_tweak_l_1"
bind/38/bone = -1
bind/38/pose = Transform( 0.992573, 0.00800195, 0.121384, 0.0195645, -0.995345, -0.0943663, 0.120064, 0.09604, -0.988111, -0.132187, 0.299438, -0.0454254 )
bind/39/name = "mchthigh_tweak_l_1"
bind/39/bone = -1
bind/39/pose = Transform( 0.992573, 0.00800185, 0.121383, 0.00113409, -0.998399, 0.0565427, 0.121642, -0.0559852, -0.990995, -0.132187, 0.709036, 0.025593 )
bind/40/name = "thigh_tweak_l_1"
bind/40/bone = -1
bind/40/pose = Transform( 0.992573, 0.00800198, 0.121383, 0.00113421, -0.998399, 0.0565427, 0.121642, -0.0559852, -0.990995, -0.132187, 0.709036, 0.025593 )
bind/41/name = "orgthigh_r"
bind/41/bone = -1
bind/41/pose = Transform( 0.992573, -0.00800199, -0.121383, -0.00113421, -0.998399, 0.0565429, -0.121642, -0.0559853, -0.990995, 0.132187, 0.95163, 0.025593 )
bind/42/name = "orgshin_r"
bind/42/bone = -1
bind/42/pose = Transform( 0.992573, -0.00800203, -0.121384, -0.0195646, -0.995345, -0.0943663, -0.120064, 0.09604, -0.988111, 0.132187, 0.464931, -0.0454254 )
bind/43/name = "orgfoot_r"
bind/43/bone = -1
bind/43/pose = Transform( 1, -2.498e-07, -2.96239e-07, 2.88706e-07, -0.751947, 0.659224, -6.68376e-07, -0.659223, -0.751949, 0.134039, 0.115006, 0.0792805 )
bind/44/name = "orgtoe_r"
bind/44/bone = -1
bind/44/pose = Transform( -1, 0.000709928, 0.000177436, 3.9117e-07, -0.242477, 0.970158, 0.000731837, 0.970157, 0.242477, -0.134088, -0.0416135, -0.0675212 )
bind/45/name = "orgheel_2_r"
bind/45/bone = -1
bind/45/pose = Transform( 3.84465e-09, 1, 8.34466e-07, -1, -4.81038e-08, -3.78161e-07, 1.85062e-08, -7.74861e-07, 1, 1.63195e-08, -0.0960387, 0.0459 )
bind/46/name = "mchtoe_r"
bind/46/bone = -1
bind/46/pose = Transform( 1, 2.84217e-14, -2.84217e-14, -3.96666e-07, 2.38419e-07, -1, -2.62833e-08, 1, 7.47018e-22, 0.134039, 0.0567677, -0.055511 )
bind/47/name = "toe_r"
bind/47/bone = -1
bind/47/pose = Transform( -1, 0.000710017, 0.000177459, 3.90485e-07, -0.242478, 0.970158, 0.000731925, 0.970153, 0.242476, -0.134088, -0.0416134, -0.0675209 )
bind/48/name = "mchfoot_tweak_r"
bind/48/bone = -1
bind/48/pose = Transform( 1, -3.1963e-07, -3.64589e-07, 2.81255e-07, -0.751948, 0.659223, -7.65805e-07, -0.659222, -0.751949, 0.134039, 0.115006, 0.0792805 )
bind/49/name = "foot_tweak_r"
bind/49/bone = -1
bind/49/pose = Transform( 1, -3.1963e-07, -3.64589e-07, 2.81255e-07, -0.751947, 0.659224, -7.65805e-07, -0.659223, -0.751949, 0.134039, 0.115006, 0.0792805 )
bind/50/name = "mchshin_tweak_r"
bind/50/bone = -1
bind/50/pose = Transform( 0.992573, -0.00800195, -0.121384, -0.0195645, -0.995345, -0.0943662, -0.120064, 0.0960399, -0.988111, 0.132187, 0.464931, -0.0454254 )
bind/51/name = "shin_tweak_r"
bind/51/bone = -1
bind/51/pose = Transform( 0.992573, -0.00800195, -0.121384, -0.0195645, -0.995345, -0.0943663, -0.120064, 0.09604, -0.988111, 0.132187, 0.464931, -0.0454254 )
bind/52/name = "mchshin_tweak_r_1"
bind/52/bone = -1
bind/52/pose = Transform( 0.992573, -0.00800195, -0.121384, -0.0195645, -0.995345, -0.0943662, -0.120064, 0.09604, -0.988111, 0.132187, 0.299438, -0.0454254 )
bind/53/name = "shin_tweak_r_1"
bind/53/bone = -1
bind/53/pose = Transform( 0.992573, -0.00800195, -0.121384, -0.0195645, -0.995345, -0.0943663, -0.120064, 0.09604, -0.988111, 0.132187, 0.299438, -0.0454254 )
bind/54/name = "mchthigh_tweak_r_1"
bind/54/bone = -1
bind/54/pose = Transform( 0.992573, -0.00800185, -0.121383, -0.00113409, -0.998399, 0.0565427, -0.121642, -0.0559852, -0.990995, 0.132187, 0.709036, 0.025593 )
bind/55/name = "thigh_tweak_r_1"
bind/55/bone = -1
bind/55/pose = Transform( 0.992573, -0.00800198, -0.121383, -0.00113421, -0.998399, 0.0565427, -0.121642, -0.0559852, -0.990995, 0.132187, 0.709036, 0.025593 )
bind/56/name = "mchthigh_parent_l"
bind/56/bone = -1
bind/56/pose = Transform( 1, 0, 0, 0, -3.27825e-07, -1, 0, 1, -5.96046e-08, -0.127013, -0.0123997, -0.952597 )
bind/57/name = "mchthigh_parent_socket_l"
bind/57/bone = -1
bind/57/pose = Transform( 0.999999, 0.00120045, 0.00113439, 0.00113439, -0.998399, 0.0565423, 0.00120045, -0.0565412, -0.998399, -0.128142, 0.95163, 0.0413283 )
bind/58/name = "thigh_parent_l"
bind/58/bone = -1
bind/58/pose = Transform( 0.999999, 0.00120032, 0.00113426, 0.00113426, -0.998399, 0.0565424, 0.00120032, -0.0565413, -0.998399, -0.128142, 0.95163, 0.0413285 )
bind/59/name = "thigh_fk_l"
bind/59/bone = -1
bind/59/pose = Transform( 0.992573, 0.00800198, 0.121383, 0.00113426, -0.998399, 0.0565425, 0.121641, -0.0559851, -0.990994, -0.132187, 0.95163, 0.0255929 )
bind/60/name = "shin_fk_l"
bind/60/bone = -1
bind/60/pose = Transform( 0.992573, 0.00800203, 0.121384, 0.0195646, -0.995345, -0.0943661, 0.120064, 0.0960399, -0.98811, -0.132187, 0.464931, -0.0454254 )
bind/61/name = "mchfoot_fk_l"
bind/61/bone = -1
bind/61/pose = Transform( 1, 3.24856e-07, 3.59248e-07, 5.84927e-09, -0.751948, 0.659222, 4.8073e-07, -0.659222, -0.751948, -0.134039, 0.115006, 0.0792804 )
bind/62/name = "foot_fk_l"
bind/62/bone = -1
bind/62/pose = Transform( 1, 3.1963e-07, 3.64589e-07, -1.60128e-09, -0.751948, 0.659222, 4.81302e-07, -0.659222, -0.751948, -0.134039, 0.115006, 0.0792804 )
bind/63/name = "thigh_ik_l"
bind/63/bone = -1
bind/63/pose = Transform( 0.992573, 0.00800198, 0.121383, 0.00113426, -0.998399, 0.0565425, 0.121641, -0.0559851, -0.990994, -0.132187, 0.95163, 0.0255929 )
bind/64/name = "mchshin_ik_l"
bind/64/bone = -1
bind/64/pose = Transform( 0.992573, 0.00800203, 0.121384, 0.0195646, -0.995345, -0.0943661, 0.120064, 0.0960399, -0.98811, -0.132187, 0.464931, -0.0454254 )
bind/65/name = "mchthigh_ik_stretch_l"
bind/65/bone = -1
bind/65/pose = Transform( 0.991611, 0.00795809, 0.129014, 0.00863247, -0.999952, -0.0046691, 0.12897, 0.00574344, -0.991632, -0.131928, 0.951397, -0.0341484 )
bind/66/name = "mchthigh_tweak_l"
bind/66/bone = -1
bind/66/pose = Transform( 0.992574, 0.00800185, 0.121383, 0.0011341, -0.998399, 0.0565425, 0.121641, -0.0559851, -0.990995, -0.132187, 0.95163, 0.0255929 )
bind/67/name = "thigh_tweak_l"
bind/67/bone = -1
bind/67/pose = Transform( 0.992573, 0.00800198, 0.121383, 0.00113422, -0.998399, 0.0565426, 0.121642, -0.0559851, -0.990995, -0.132187, 0.95163, 0.0255929 )
bind/68/name = "defthigh_l"
bind/68/bone = -1
bind/68/pose = Transform( 0.992573, 0.00800199, 0.121383, 0.0011342, -0.998399, 0.0565429, 0.121642, -0.0559853, -0.990996, -0.132187, 0.95163, 0.025593 )
bind/69/name = "defthigh_l_1"
bind/69/bone = -1
bind/69/pose = Transform( 0.992573, 0.00800199, 0.121383, 0.0011342, -0.998399, 0.0565429, 0.121642, -0.0559852, -0.990996, -0.132187, 0.709037, 0.025593 )
bind/70/name = "defshin_l"
bind/70/bone = -1
bind/70/pose = Transform( 0.992573, 0.00800203, 0.121384, 0.0195646, -0.995345, -0.0943662, 0.120064, 0.09604, -0.988111, -0.132187, 0.464931, -0.0454254 )
bind/71/name = "defshin_l_1"
bind/71/bone = -1
bind/71/pose = Transform( 0.992573, 0.00800203, 0.121384, 0.0195646, -0.995345, -0.0943663, 0.120064, 0.0960401, -0.988111, -0.132187, 0.299438, -0.0454255 )
bind/72/name = "deffoot_l"
bind/72/bone = -1
bind/72/pose = Transform( 1, 2.15419e-07, 2.57022e-07, -3.58802e-07, -0.751948, 0.659224, 6.76282e-07, -0.659223, -0.751949, -0.134039, 0.115006, 0.0792805 )
bind/73/name = "deftoe_l"
bind/73/bone = -1
bind/73/pose = Transform( -1, -0.000709877, -0.000177424, -4.83008e-07, -0.242477, 0.970159, -0.000731794, 0.970157, 0.242477, 0.134088, -0.0416135, -0.0675212 )
bind/74/name = "mchthigh_parent_r"
bind/74/bone = -1
bind/74/pose = Transform( 1, 0, 0, 0, -3.27825e-07, -1, 0, 1, -5.96046e-08, 0.127013, -0.0123997, -0.952597 )
bind/75/name = "mchthigh_parent_socket_r"
bind/75/bone = -1
bind/75/pose = Transform( 0.999999, -0.00120045, -0.00113439, -0.00113439, -0.998399, 0.0565423, -0.00120045, -0.0565412, -0.998399, 0.128142, 0.95163, 0.0413283 )
bind/76/name = "thigh_parent_r"
bind/76/bone = -1
bind/76/pose = Transform( 0.999999, -0.00120032, -0.00113426, -0.00113426, -0.998399, 0.0565424, -0.00120032, -0.0565413, -0.998399, 0.128142, 0.95163, 0.0413285 )
bind/77/name = "thigh_fk_r"
bind/77/bone = -1
bind/77/pose = Transform( 0.992573, -0.00800198, -0.121383, -0.00113426, -0.998399, 0.0565425, -0.121641, -0.0559851, -0.990994, 0.132187, 0.95163, 0.0255929 )
bind/78/name = "shin_fk_r"
bind/78/bone = -1
bind/78/pose = Transform( 0.992573, -0.00800203, -0.121384, -0.0195646, -0.995345, -0.0943661, -0.120064, 0.0960399, -0.98811, 0.132187, 0.464931, -0.0454254 )
bind/79/name = "mchfoot_fk_r"
bind/79/bone = -1
bind/79/pose = Transform( 1, -3.24856e-07, -3.59248e-07, -1.638e-09, -0.751948, 0.659222, -4.86946e-07, -0.659222, -0.751948, 0.134039, 0.115006, 0.0792804 )
bind/80/name = "foot_fk_r"
bind/80/bone = -1
bind/80/pose = Transform( 1, -3.1963e-07, -3.64589e-07, 5.81255e-09, -0.751948, 0.659222, -4.87518e-07, -0.659222, -0.751948, 0.134039, 0.115006, 0.0792804 )
bind/81/name = "thigh_ik_r"
bind/81/bone = -1
bind/81/pose = Transform( 0.992573, -0.00800198, -0.121383, -0.00113426, -0.998399, 0.0565425, -0.121641, -0.0559851, -0.990994, 0.132187, 0.95163, 0.0255929 )
bind/82/name = "mchshin_ik_r"
bind/82/bone = -1
bind/82/pose = Transform( 0.992573, -0.00800203, -0.121384, -0.0195646, -0.995345, -0.0943661, -0.120064, 0.0960399, -0.98811, 0.132187, 0.464931, -0.0454254 )
bind/83/name = "mchthigh_ik_stretch_r"
bind/83/bone = -1
bind/83/pose = Transform( 0.991611, -0.00795809, -0.129014, -0.00863247, -0.999952, -0.0046691, -0.12897, 0.00574344, -0.991632, 0.131928, 0.951397, -0.0341484 )
bind/84/name = "mchthigh_tweak_r"
bind/84/bone = -1
bind/84/pose = Transform( 0.992573, -0.00800184, -0.121383, -0.0011341, -0.998399, 0.0565425, -0.121641, -0.0559851, -0.990995, 0.132187, 0.95163, 0.0255929 )
bind/85/name = "thigh_tweak_r"
bind/85/bone = -1
bind/85/pose = Transform( 0.992573, -0.00800198, -0.121383, -0.00113423, -0.998399, 0.0565426, -0.121642, -0.0559851, -0.990995, 0.132187, 0.95163, 0.0255929 )
bind/86/name = "defthigh_r"
bind/86/bone = -1
bind/86/pose = Transform( 0.992573, -0.00800199, -0.121383, -0.0011342, -0.998399, 0.0565429, -0.121642, -0.0559853, -0.990996, 0.132187, 0.95163, 0.025593 )
bind/87/name = "defthigh_r_1"
bind/87/bone = -1
bind/87/pose = Transform( 0.992573, -0.00800199, -0.121383, -0.0011342, -0.998399, 0.0565429, -0.121642, -0.0559852, -0.990996, 0.132187, 0.709037, 0.025593 )
bind/88/name = "defshin_r"
bind/88/bone = -1
bind/88/pose = Transform( 0.992573, -0.00800203, -0.121384, -0.0195646, -0.995345, -0.0943662, -0.120064, 0.09604, -0.988111, 0.132187, 0.464931, -0.0454254 )
bind/89/name = "defshin_r_1"
bind/89/bone = -1
bind/89/pose = Transform( 0.992573, -0.00800203, -0.121384, -0.0195646, -0.995345, -0.0943663, -0.120064, 0.0960401, -0.988111, 0.132187, 0.299438, -0.0454255 )
bind/90/name = "deffoot_r"
bind/90/bone = -1
bind/90/pose = Transform( 1, -2.09817e-07, -2.61934e-07, 3.48979e-07, -0.751947, 0.659224, -6.65077e-07, -0.659223, -0.751949, 0.134039, 0.115006, 0.0792805 )
bind/91/name = "deftoe_r"
bind/91/bone = -1
bind/91/pose = Transform( -1, 0.000709875, 0.000177423, 4.62548e-07, -0.242477, 0.970159, 0.000731792, 0.970157, 0.242477, -0.134088, -0.0416135, -0.0675212 )
bind/92/name = "tweak_spine_1"
bind/92/bone = -1
bind/92/pose = Transform( 1, 0, 0, 0, 0.991562, 0.129633, 0, -0.129633, 0.991562, 0, -1.08525, 0.159227 )
bind/93/name = "orgspine_1"
bind/93/bone = -1
bind/93/pose = Transform( 1, 0, 0, 0, 0.991562, 0.129633, 0, -0.129633, 0.991562, 0, -1.08525, 0.159227 )
bind/94/name = "mch_wgthips"
bind/94/bone = -1
bind/94/pose = Transform( 1, 0, 0, 0, 0.964932, 0.262499, 0, -0.262499, 0.964932, 0, -0.908996, 0.304488 )
bind/95/name = "mchspine_2"
bind/95/bone = -1
bind/95/pose = Transform( 1, 0, 0, 0, 0, -1, 0, 1, 0, 0, -0.000400022, -1.22524 )
bind/96/name = "spine_fk_2"
bind/96/bone = -1
bind/96/pose = Transform( 1, 0, 0, 0, 0.999436, -0.0335672, 0, 0.0335675, 0.999436, 0, -1.22456, -0.0407283 )
bind/97/name = "mchpivot"
bind/97/bone = -1
bind/97/pose = Transform( 1, 0, 0, 0, 0.991562, 0.129633, 0, -0.129632, 0.991562, 0, -1.21485, 0.159227 )
bind/98/name = "tweak_spine_2"
bind/98/bone = -1
bind/98/pose = Transform( 1, 0, 0, 0, 0.999436, -0.0335672, 0, 0.0335675, 0.999436, 0, -1.22456, -0.0407283 )
bind/99/name = "orgspine_2"
bind/99/bone = -1
bind/99/pose = Transform( 1, 0, 0, 0, 0.999436, -0.0335672, 0, 0.0335675, 0.999436, 0, -1.22456, -0.0407283 )
bind/100/name = "mchspine_3"
bind/100/bone = -1
bind/100/pose = Transform( 1, 0, 0, 0, -2.27243e-07, -1, 0, 1, 0, 0, -0.0058997, -1.38899 )
bind/101/name = "spine_fk_3"
bind/101/bone = -1
bind/101/pose = Transform( 1, 0, 0, 0, 0.999546, -0.0301356, 0, 0.0301356, 0.999546, 0, -1.38854, -0.0359608 )
bind/102/name = "orgspine_4"
bind/102/bone = -1
bind/102/pose = Transform( 1, 0, 0, 0, 0.994851, 0.101349, 0, -0.101349, 0.994851, 0, -1.56217, 0.170603 )
bind/103/name = "orgspine_5"
bind/103/bone = -1
bind/103/pose = Transform( 1, 1.34435e-08, -2.38039e-07, 8.88178e-16, 0.998409, 0.0563861, 2.38419e-07, -0.0563861, 0.998409, -2.32092e-08, -1.6268, 0.0973465 )
bind/104/name = "orgspine_6"
bind/104/bone = -1
bind/104/pose = Transform( 1, 2.49627e-15, -2.83154e-14, 1.16749e-15, 0.997387, 0.0722456, 2.84116e-14, -0.0722456, 0.997387, -4.22372e-15, -1.73898, 0.124998 )
bind/105/name = "mch_rotneck"
bind/105/bone = -1
bind/105/pose = Transform( 1, 0, 0, 0, 1.2666e-07, -1, 0, 1, 0, 0, -0.0114002, -1.57142 )
bind/106/name = "neck"
bind/106/bone = -1
bind/106/pose = Transform( 1, 0, 0, 0, 0.997428, 0.0716697, 0, -0.0716697, 0.997428, 0, -1.56656, 0.123994 )
bind/107/name = "mch_rothead"
bind/107/bone = -1
bind/107/pose = Transform( 1, 0, 0, 0, 4.47035e-08, -1, 0, 1, 7.45058e-09, 0, 0.000962171, -1.74347 )
bind/108/name = "head"
bind/108/bone = -1
bind/108/pose = Transform( 1, 5.16631e-16, -7.13234e-15, 5.82335e-22, 0.997387, 0.0722457, 7.15103e-15, -0.0722457, 0.997387, -8.93865e-16, -1.73898, 0.124998 )
bind/109/name = "tweak_spine_4"
bind/109/bone = -1
bind/109/pose = Transform( 1, 0, 0, 0, 0.994851, 0.101349, 0, -0.101349, 0.994851, 0, -1.56217, 0.170603 )
bind/110/name = "mch_strneck"
bind/110/bone = -1
bind/110/pose = Transform( 1, 0, 0, 0, 0.997428, 0.0716697, 0, -0.0716698, 0.997428, 0, -1.56656, 0.123994 )
bind/111/name = "mchspine_5"
bind/111/bone = -1
bind/111/pose = Transform( 1, 0, 0, 0, 0.997428, 0.0716696, 0, -0.0716697, 0.997428, 0, -1.62512, 0.122249 )
bind/112/name = "tweak_spine_5"
bind/112/bone = -1
bind/112/pose = Transform( 1, 1.34435e-08, -2.38039e-07, 1.77636e-15, 0.998409, 0.0563861, 2.38419e-07, -0.0563861, 0.998409, -2.32092e-08, -1.6268, 0.0973466 )
bind/113/name = "tweak_spine_3"
bind/113/bone = -1
bind/113/pose = Transform( 1, 0, 0, 0, 0.999546, -0.0301356, 0, 0.0301356, 0.999546, 0, -1.38854, -0.0359608 )
bind/114/name = "orgspine_3"
bind/114/bone = -1
bind/114/pose = Transform( 1, 0, 0, 0, 0.999546, -0.0301356, 0, 0.0301356, 0.999546, 0, -1.38854, -0.0359608 )
bind/115/name = "orgshoulder_l"
bind/115/bone = -1
bind/115/pose = Transform( 0.507095, 0.00128501, 0.861889, 0.86189, -0.000540564, -0.507095, -0.000185707, 0.999999, -0.00138165, -0.0701877, 0.019735, -1.521 )
bind/116/name = "orgupper_arm_l"
bind/116/bone = -1
bind/116/pose = Transform( -0.191586, -0.981466, -0.00452449, 0.980969, -0.191337, -0.0330082, 0.0315306, -0.0107623, 0.999445, 1.52572, 0.116505, 0.0374696 )
bind/117/name = "orgforearm_l"
bind/117/bone = -1
bind/117/pose = Transform( -0.191586, -0.981466, -0.0045254, 0.972334, -0.190427, 0.135293, -0.133647, 0.0215199, 0.990795, 1.52572, -0.227894, 0.0768311 )
bind/118/name = "orghand_l"
bind/118/bone = -1
bind/118/pose = Transform( -0.212428, -0.977113, -0.011204, 0.931687, -0.205984, 0.299214, -0.294673, 0.0531228, 0.95412, 1.53688, -0.483221, 0.165865 )
bind/119/name = "mchhand_tweak_l"
bind/119/bone = -1
bind/119/pose = Transform( -0.212424, -0.977113, -0.0112068, 0.931688, -0.205981, 0.299214, -0.294674, 0.0531191, 0.95412, 1.53688, -0.483225, 0.165871 )
bind/120/name = "hand_tweak_l"
bind/120/bone = -1
bind/120/pose = Transform( -0.212428, -0.977113, -0.011204, 0.931687, -0.205984, 0.299214, -0.294673, 0.0531227, 0.95412, 1.53688, -0.483221, 0.165865 )
bind/121/name = "mchforearm_tweak_l"
bind/121/bone = -1
bind/121/pose = Transform( -0.191585, -0.981466, -0.00452642, 0.972334, -0.190426, 0.135293, -0.133647, 0.0215189, 0.990795, 1.52572, -0.227895, 0.076833 )
bind/122/name = "forearm_tweak_l"
bind/122/bone = -1
bind/122/pose = Transform( -0.191586, -0.981466, -0.00452504, 0.972334, -0.190428, 0.135292, -0.133647, 0.0215203, 0.990795, 1.52572, -0.227893, 0.0768304 )
bind/123/name = "mchforearm_tweak_l_1"
bind/123/bone = -1
bind/123/pose = Transform( -0.191585, -0.981466, -0.00452642, 0.972334, -0.190426, 0.135293, -0.133647, 0.0215188, 0.990795, 1.52572, -0.382884, 0.0768329 )
bind/124/name = "forearm_tweak_l_1"
bind/124/bone = -1
bind/124/pose = Transform( -0.191586, -0.981465, -0.00452504, 0.972334, -0.190428, 0.135292, -0.133647, 0.0215203, 0.990795, 1.52572, -0.382881, 0.0768305 )
bind/125/name = "mchupper_arm_tweak_l_1"
bind/125/bone = -1
bind/125/pose = Transform( -0.191585, -0.981466, -0.00452553, 0.980969, -0.191336, -0.0330083, 0.0315305, -0.0107633, 0.999445, 1.52572, -0.060529, 0.0374711 )
bind/126/name = "upper_arm_tweak_l_1"
bind/126/bone = -1
bind/126/pose = Transform( -0.191586, -0.981466, -0.00452419, 0.980969, -0.191337, -0.0330083, 0.0315307, -0.010762, 0.999445, 1.52572, -0.0605269, 0.0374691 )
bind/127/name = "defshoulder_l"
bind/127/bone = -1
bind/127/pose = Transform( 0.507095, 0.00128499, 0.861889, 0.86189, -0.000540583, -0.507095, -0.000185685, 0.999999, -0.00138165, -0.0701876, 0.019735, -1.521 )
bind/128/name = "mchupper_arm_parent_l"
bind/128/bone = -1
bind/128/pose = Transform( 1, -2.91038e-10, -1.81713e-08, -7.12346e-08, -4.5402e-09, -1, 6.09725e-09, 1, 2.32831e-10, -0.176837, -0.0267, -1.52013 )
bind/129/name = "mchupper_arm_parent_socket_l"
bind/129/bone = -1
bind/129/pose = Transform( 0.0684489, 0.1817, 0.980969, 0.980969, -0.191339, -0.0330083, 0.1817, 0.96456, -0.191339, -0.26212, 0.116507, -1.5035 )
bind/130/name = "upper_arm_parent_l"
bind/130/bone = -1
bind/130/pose = Transform( 0.0684483, 0.181698, 0.980969, 0.980969, -0.191337, -0.0330082, 0.181699, 0.96456, -0.191337, -0.262118, 0.116505, -1.5035 )
bind/131/name = "upper_arm_fk_l"
bind/131/bone = -1
bind/131/pose = Transform( -0.191586, -0.981466, -0.0045246, 0.980969, -0.191337, -0.0330081, 0.0315307, -0.0107624, 0.999445, 1.52572, 0.116505, 0.0374697 )
bind/132/name = "forearm_fk_l"
bind/132/bone = -1
bind/132/pose = Transform( -0.191586, -0.981466, -0.0045254, 0.972334, -0.190427, 0.135293, -0.133647, 0.02152, 0.990795, 1.52572, -0.227894, 0.076831 )
bind/133/name = "mchhand_fk_l"
bind/133/bone = -1
bind/133/pose = Transform( -0.212428, -0.977113, -0.011204, 0.931688, -0.205984, 0.299214, -0.294673, 0.0531228, 0.954121, 1.53688, -0.483221, 0.165865 )
bind/134/name = "hand_fk_l"
bind/134/bone = -1
bind/134/pose = Transform( -0.212428, -0.977113, -0.011204, 0.931688, -0.205984, 0.299214, -0.294673, 0.0531229, 0.95412, 1.53688, -0.483221, 0.165865 )
bind/135/name = "upper_arm_ik_l"
bind/135/bone = -1
bind/135/pose = Transform( -0.191586, -0.981466, -0.0045246, 0.980969, -0.191337, -0.0330081, 0.0315307, -0.0107624, 0.999445, 1.52572, 0.116505, 0.0374697 )
bind/136/name = "mchforearm_ik_l"
bind/136/bone = -1
bind/136/pose = Transform( -0.191586, -0.981466, -0.0045254, 0.972334, -0.190427, 0.135293, -0.133647, 0.02152, 0.990795, 1.52572, -0.227894, 0.076831 )
bind/137/name = "mchupper_arm_ik_stretch_l"
bind/137/bone = -1
bind/137/pose = Transform( -0.191603, -0.981464, -0.00416617, 0.98041, -0.191591, 0.0457172, -0.0456679, 0.00467498, 0.998946, 1.52573, 0.119091, 0.0276411 )
bind/138/name = "mchupper_arm_tweak_l"
bind/138/bone = -1
bind/138/pose = Transform( -0.191585, -0.981466, -0.00452551, 0.98097, -0.191336, -0.0330081, 0.0315305, -0.0107632, 0.999445, 1.52572, 0.116503, 0.037471 )
bind/139/name = "upper_arm_tweak_l"
bind/139/bone = -1
bind/139/pose = Transform( -0.191586, -0.981466, -0.00452419, 0.980969, -0.191337, -0.0330081, 0.0315307, -0.010762, 0.999445, 1.52572, 0.116505, 0.037469 )
bind/140/name = "defupper_arm_l"
bind/140/bone = -1
bind/140/pose = Transform( -0.191586, -0.981466, -0.00452485, 0.980969, -0.191337, -0.0330081, 0.0315306, -0.0107626, 0.999445, 1.52572, 0.116504, 0.03747 )
bind/141/name = "defupper_arm_l_1"
bind/141/bone = -1
bind/141/pose = Transform( -0.191586, -0.981466, -0.00452488, 0.980969, -0.191337, -0.0330082, 0.0315306, -0.0107626, 0.999445, 1.52572, -0.0605279, 0.0374701 )
bind/142/name = "defforearm_l"
bind/142/bone = -1
bind/142/pose = Transform( -0.191587, -0.981466, -0.00452422, 0.972334, -0.190429, 0.135293, -0.133646, 0.0215213, 0.990795, 1.52572, -0.227892, 0.0768289 )
bind/143/name = "defforearm_l_1"
bind/143/bone = -1
bind/143/pose = Transform( -0.191586, -0.981466, -0.00452503, 0.972334, -0.190428, 0.135293, -0.133647, 0.0215204, 0.990795, 1.52572, -0.382882, 0.0768304 )
bind/144/name = "defhand_l"
bind/144/bone = -1
bind/144/pose = Transform( -0.212427, -0.977113, -0.0112046, 0.931688, -0.205983, 0.299214, -0.294674, 0.0531221, 0.95412, 1.53688, -0.483222, 0.165866 )
bind/145/name = "orgshoulder_r"
bind/145/bone = -1
bind/145/pose = Transform( 0.507095, -0.00128501, -0.861889, -0.86189, -0.000540564, -0.507095, 0.000185707, 0.999999, -0.00138165, 0.0701877, 0.019735, -1.521 )
bind/146/name = "orgupper_arm_r"
bind/146/bone = -1
bind/146/pose = Transform( -0.191586, 0.981466, 0.00452449, -0.980969, -0.191337, -0.0330082, -0.0315306, -0.0107623, 0.999445, -1.52572, 0.116505, 0.0374696 )
bind/147/name = "orgforearm_r"
bind/147/bone = -1
bind/147/pose = Transform( -0.191586, 0.981466, 0.0045254, -0.972334, -0.190427, 0.135293, 0.133647, 0.0215199, 0.990795, -1.52572, -0.227894, 0.0768311 )
bind/148/name = "orghand_r"
bind/148/bone = -1
bind/148/pose = Transform( -0.212428, 0.977113, 0.011204, -0.931687, -0.205984, 0.299214, 0.294673, 0.0531228, 0.95412, -1.53688, -0.483221, 0.165865 )
bind/149/name = "mchhand_tweak_r"
bind/149/bone = -1
bind/149/pose = Transform( -0.212424, 0.977113, 0.0112068, -0.931688, -0.205981, 0.299214, 0.294674, 0.0531191, 0.95412, -1.53688, -0.483225, 0.165871 )
bind/150/name = "hand_tweak_r"
bind/150/bone = -1
bind/150/pose = Transform( -0.212428, 0.977113, 0.011204, -0.931687, -0.205984, 0.299214, 0.294673, 0.0531227, 0.95412, -1.53688, -0.483221, 0.165865 )
bind/151/name = "mchforearm_tweak_r"
bind/151/bone = -1
bind/151/pose = Transform( -0.191585, 0.981466, 0.00452642, -0.972334, -0.190426, 0.135293, 0.133647, 0.0215189, 0.990795, -1.52572, -0.227895, 0.076833 )
bind/152/name = "forearm_tweak_r"
bind/152/bone = -1
bind/152/pose = Transform( -0.191586, 0.981466, 0.00452504, -0.972334, -0.190428, 0.135292, 0.133647, 0.0215203, 0.990795, -1.52572, -0.227893, 0.0768304 )
bind/153/name = "mchforearm_tweak_r_1"
bind/153/bone = -1
bind/153/pose = Transform( -0.191585, 0.981466, 0.00452642, -0.972334, -0.190426, 0.135293, 0.133647, 0.0215188, 0.990795, -1.52572, -0.382884, 0.0768329 )
bind/154/name = "forearm_tweak_r_1"
bind/154/bone = -1
bind/154/pose = Transform( -0.191586, 0.981465, 0.00452504, -0.972334, -0.190428, 0.135292, 0.133647, 0.0215203, 0.990795, -1.52572, -0.382881, 0.0768305 )
bind/155/name = "mchupper_arm_tweak_r_1"
bind/155/bone = -1
bind/155/pose = Transform( -0.191585, 0.981466, 0.00452553, -0.980969, -0.191336, -0.0330083, -0.0315305, -0.0107633, 0.999445, -1.52572, -0.060529, 0.0374711 )
bind/156/name = "upper_arm_tweak_r_1"
bind/156/bone = -1
bind/156/pose = Transform( -0.191586, 0.981466, 0.00452419, -0.980969, -0.191337, -0.0330083, -0.0315307, -0.010762, 0.999445, -1.52572, -0.0605269, 0.0374691 )
bind/157/name = "defshoulder_r"
bind/157/bone = -1
bind/157/pose = Transform( 0.507095, -0.00128499, -0.861889, -0.86189, -0.000540583, -0.507095, 0.000185685, 0.999999, -0.00138165, 0.0701876, 0.019735, -1.521 )
bind/158/name = "mchupper_arm_parent_r"
bind/158/bone = -1
bind/158/pose = Transform( 1, 2.91038e-10, 1.81713e-08, 7.12346e-08, -4.5402e-09, -1, -6.09725e-09, 1, 2.32831e-10, 0.176837, -0.0267, -1.52013 )
bind/159/name = "mchupper_arm_parent_socket_r"
bind/159/bone = -1
bind/159/pose = Transform( 0.0684489, -0.1817, -0.980969, -0.980969, -0.191339, -0.0330083, -0.1817, 0.96456, -0.191339, 0.26212, 0.116507, -1.5035 )
bind/160/name = "upper_arm_parent_r"
bind/160/bone = -1
bind/160/pose = Transform( 0.0684483, -0.181698, -0.980969, -0.980969, -0.191337, -0.0330082, -0.181699, 0.96456, -0.191337, 0.262118, 0.116505, -1.5035 )
bind/161/name = "upper_arm_fk_r"
bind/161/bone = -1
bind/161/pose = Transform( -0.191586, 0.981466, 0.0045246, -0.980969, -0.191337, -0.0330081, -0.0315307, -0.0107624, 0.999445, -1.52572, 0.116505, 0.0374697 )
bind/162/name = "forearm_fk_r"
bind/162/bone = -1
bind/162/pose = Transform( -0.191586, 0.981466, 0.0045254, -0.972334, -0.190427, 0.135293, 0.133647, 0.02152, 0.990795, -1.52572, -0.227894, 0.076831 )
bind/163/name = "mchhand_fk_r"
bind/163/bone = -1
bind/163/pose = Transform( -0.212428, 0.977113, 0.011204, -0.931688, -0.205984, 0.299214, 0.294673, 0.0531228, 0.954121, -1.53688, -0.483221, 0.165865 )
bind/164/name = "hand_fk_r"
bind/164/bone = -1
bind/164/pose = Transform( -0.212428, 0.977113, 0.011204, -0.931688, -0.205984, 0.299214, 0.294673, 0.0531229, 0.95412, -1.53688, -0.483221, 0.165865 )
bind/165/name = "upper_arm_ik_r"
bind/165/bone = -1
bind/165/pose = Transform( -0.191586, 0.981466, 0.0045246, -0.980969, -0.191337, -0.0330081, -0.0315307, -0.0107624, 0.999445, -1.52572, 0.116505, 0.0374697 )
bind/166/name = "mchforearm_ik_r"
bind/166/bone = -1
bind/166/pose = Transform( -0.191586, 0.981466, 0.0045254, -0.972334, -0.190427, 0.135293, 0.133647, 0.02152, 0.990795, -1.52572, -0.227894, 0.076831 )
bind/167/name = "mchupper_arm_ik_stretch_r"
bind/167/bone = -1
bind/167/pose = Transform( -0.191603, 0.981464, 0.00416617, -0.98041, -0.191591, 0.0457172, 0.0456679, 0.00467498, 0.998946, -1.52573, 0.119091, 0.0276411 )
bind/168/name = "mchupper_arm_tweak_r"
bind/168/bone = -1
bind/168/pose = Transform( -0.191585, 0.981466, 0.00452551, -0.98097, -0.191336, -0.0330081, -0.0315305, -0.0107632, 0.999445, -1.52572, 0.116503, 0.037471 )
bind/169/name = "upper_arm_tweak_r"
bind/169/bone = -1
bind/169/pose = Transform( -0.191586, 0.981466, 0.00452419, -0.980969, -0.191337, -0.0330081, -0.0315307, -0.010762, 0.999445, -1.52572, 0.116505, 0.037469 )
bind/170/name = "defupper_arm_r"
bind/170/bone = -1
bind/170/pose = Transform( -0.191586, 0.981466, 0.00452485, -0.980969, -0.191337, -0.0330081, -0.0315306, -0.0107626, 0.999445, -1.52572, 0.116504, 0.03747 )
bind/171/name = "defupper_arm_r_1"
bind/171/bone = -1
bind/171/pose = Transform( -0.191586, 0.981466, 0.00452488, -0.980969, -0.191337, -0.0330082, -0.0315306, -0.0107626, 0.999445, -1.52572, -0.0605279, 0.0374701 )
bind/172/name = "defforearm_r"
bind/172/bone = -1
bind/172/pose = Transform( -0.191587, 0.981466, 0.00452422, -0.972334, -0.190429, 0.135293, 0.133646, 0.0215213, 0.990795, -1.52572, -0.227892, 0.0768289 )
bind/173/name = "defforearm_r_1"
bind/173/bone = -1
bind/173/pose = Transform( -0.191586, 0.981466, 0.00452503, -0.972334, -0.190428, 0.135293, 0.133647, 0.0215204, 0.990795, -1.52572, -0.382882, 0.0768304 )
bind/174/name = "defhand_r"
bind/174/bone = -1
bind/174/pose = Transform( -0.212427, 0.977113, 0.0112046, -0.931688, -0.205983, 0.299214, 0.294674, 0.0531221, 0.95412, -1.53688, -0.483222, 0.165866 )
bind/175/name = "orgbreast_l"
bind/175/bone = -1
bind/175/pose = Transform( -1, 1.50996e-07, 3.25661e-15, -1.19901e-14, -1.11759e-07, 1, 1.50996e-07, 1, 1.86265e-08, 0.1184, 0.0485002, -1.38321 )
bind/176/name = "defbreast_l"
bind/176/bone = -1
bind/176/pose = Transform( -1, 1.50996e-07, 0, -1.24342e-14, -9.31323e-08, 1, 1.50996e-07, 1, 0, 0.1184, 0.0485002, -1.38321 )
bind/177/name = "orgbreast_r"
bind/177/bone = -1
bind/177/pose = Transform( -1, -1.50996e-07, -3.25661e-15, 1.19901e-14, -1.11759e-07, 1, -1.50996e-07, 1, 1.86265e-08, -0.1184, 0.0485002, -1.38321 )
bind/178/name = "defbreast_r"
bind/178/bone = -1
bind/178/pose = Transform( -1, -1.50996e-07, 0, 1.24342e-14, -9.31323e-08, 1, -1.50996e-07, 1, 0, -0.1184, 0.0485002, -1.38321 )
bind/179/name = "breast_l"
bind/179/bone = -1
bind/179/pose = Transform( -1, 1.50996e-07, 3.25661e-15, -1.19901e-14, -1.11759e-07, 1, 1.50996e-07, 1, 1.86265e-08, 0.1184, 0.0485002, -1.38321 )
bind/180/name = "breast_r"
bind/180/bone = -1
bind/180/pose = Transform( -1, -1.50996e-07, -3.25661e-15, 1.19901e-14, -1.11759e-07, 1, -1.50996e-07, 1, 1.86265e-08, -0.1184, 0.0485002, -1.38321 )
bind/181/name = "shoulder_l"
bind/181/bone = -1
bind/181/pose = Transform( 0.507095, 0.00128501, 0.861889, 0.86189, -0.000540564, -0.507095, -0.000185707, 0.999999, -0.00138165, -0.0701877, 0.019735, -1.521 )
bind/182/name = "shoulder_r"
bind/182/bone = -1
bind/182/pose = Transform( 0.507095, -0.00128501, -0.861889, -0.86189, -0.000540564, -0.507095, 0.000185707, 0.999999, -0.00138165, 0.0701877, 0.019735, -1.521 )
bind/183/name = "mch_wgtchest"
bind/183/bone = -1
bind/183/pose = Transform( 1, 0, 0, 0, 0.999546, -0.0301356, 0, 0.0301356, 0.999546, 0, -1.38854, -0.0359608 )
bind/184/name = "mchhand_ikparent_l"
bind/184/bone = -1
bind/184/pose = Transform( -0.212427, -0.977113, -0.0112047, 0.931688, -0.205983, 0.299214, -0.294673, 0.0531218, 0.95412, 1.53688, -0.483222, 0.165866 )
bind/185/name = "hand_ik_l"
bind/185/bone = -1
bind/185/pose = Transform( -0.212428, -0.977112, -0.011204, 0.931687, -0.205984, 0.299214, -0.294673, 0.0531228, 0.95412, 1.53688, -0.483221, 0.165865 )
bind/186/name = "mchupper_arm_ik_target_l"
bind/186/bone = -1
bind/186/pose = Transform( -0.212428, -0.977112, -0.011204, 0.931687, -0.205984, 0.299214, -0.294673, 0.0531228, 0.95412, 1.53688, -0.483221, 0.165865 )
bind/187/name = "mchupper_arm_ik_targetparent_l"
bind/187/bone = -1
bind/187/pose = Transform( -0.9812, 0.187294, -0.0457356, -0.0457356, 0.00432365, 0.998944, 0.187294, 0.982294, 0.00432365, 0.240529, 0.717729, -1.52468 )
bind/188/name = "upper_arm_ik_target_l"
bind/188/bone = -1
bind/188/pose = Transform( -0.981213, 0.187229, -0.0457349, -0.0457348, 0.00432221, 0.998944, 0.187229, 0.982306, 0.00432188, 0.240631, 0.717731, -1.52466 )
bind/189/name = "mchhand_ikparent_r"
bind/189/bone = -1
bind/189/pose = Transform( -0.212427, 0.977113, 0.0112047, -0.931688, -0.205983, 0.299214, 0.294673, 0.0531218, 0.95412, -1.53688, -0.483222, 0.165866 )
bind/190/name = "hand_ik_r"
bind/190/bone = -1
bind/190/pose = Transform( -0.212428, 0.977112, 0.011204, -0.931687, -0.205984, 0.299214, 0.294673, 0.0531228, 0.95412, -1.53688, -0.483221, 0.165865 )
bind/191/name = "mchupper_arm_ik_target_r"
bind/191/bone = -1
bind/191/pose = Transform( -0.212428, 0.977112, 0.011204, -0.931687, -0.205984, 0.299214, 0.294673, 0.0531228, 0.95412, -1.53688, -0.483221, 0.165865 )
bind/192/name = "mchupper_arm_ik_targetparent_r"
bind/192/bone = -1
bind/192/pose = Transform( -0.9812, -0.187294, 0.0457356, 0.0457356, 0.00432365, 0.998944, -0.187294, 0.982294, 0.00432365, -0.240529, 0.717729, -1.52468 )
bind/193/name = "upper_arm_ik_target_r"
bind/193/bone = -1
bind/193/pose = Transform( -0.981213, -0.187229, 0.0457349, 0.0457348, 0.00432221, 0.998944, -0.187229, 0.982306, 0.00432188, -0.240631, 0.717731, -1.52466 )
bind/194/name = "mchfoot_ikparent_l"
bind/194/bone = -1
bind/194/pose = Transform( 1, 0, 0, 0, 0, -1, 0, 1, 0, -0.134039, -0.0162, -0.138742 )
bind/195/name = "foot_ik_l"
bind/195/bone = -1
bind/195/pose = Transform( 1, 0, 0, 0, 0, -1, 0, 1, 0, -0.134039, -0.0162, -0.138742 )
bind/196/name = "foot_spin_ik_l"
bind/196/bone = -1
bind/196/pose = Transform( 1, 0, 0, 0, 0, -1, 0, 1, 0, -0.134039, 0.0567677, -0.055511 )
bind/197/name = "foot_heel_ik_l"
bind/197/bone = -1
bind/197/pose = Transform( 1, 0, 0, 0, 0, -1, 0, 1, 0, -0.134039, -0.0162, -0.138742 )
bind/198/name = "mchheel_2_rock_2_l"
bind/198/bone = -1
bind/198/pose = Transform( 1, 0, 0, 0, 0, -1, 0, 1, 0, -0.0960387, -0.0459, 0 )
bind/199/name = "mchheel_2_rock_1_l"
bind/199/bone = -1
bind/199/pose = Transform( 1, 0, 0, 0, 0, -1, 0, 1, 0, -0.176039, -0.0459, 0 )
bind/200/name = "mchheel_2_roll_2_l"
bind/200/bone = -1
bind/200/pose = Transform( 1, 0, 0, 0, 0, -1, 0, 1, 0, -0.136039, -0.0459, 0 )
bind/201/name = "mchheel_2_roll_1_l"
bind/201/bone = -1
bind/201/pose = Transform( 1, 0, 0, 0, 0, -1, 0, 1, 0, -0.134039, 0.0567677, -0.055511 )
bind/202/name = "mchfoot_roll_l"
bind/202/bone = -1
bind/202/pose = Transform( 1, 3.1963e-07, 3.64589e-07, -8.52651e-14, -0.751948, 0.659223, 4.8486e-07, -0.659222, -0.751948, -0.134039, 0.115006, 0.0792804 )
bind/203/name = "mchthigh_ik_target_l"
bind/203/bone = -1
